((("out" .
   [1 0 0])
  ("ReplaceAllString" .
   [0 0 0 0 0 0 0 0 1 0 0 0 0 0 0 0])
  ("ReplaceAll" .
   [1 0 0 0 0 0 0 0 0 0])
  ("MustCompile" .
   [0 1 0 0 0 0 0 0 0 0 0])
  ("Regexp" .
   [1 0 0 0 0 0])
  ("txt" .
   [2 0 0])
  ("Text" .
   [3 0 0 0])
  ("line" .
   [1 0 0 0])
  ("t" .
   [1])
  ("Scan" .
   [1 0 0 0])
  ("fileH" .
   [1 0 0 0 0])
  ("err" .
   [2 0 0])
  ("NewScanner" .
   [2 0 0 0 0 0 0 0 0 0])
  ("file" .
   [2 0 0 0])
  ("scanner" .
   [3 0 0 0 0 0 0])
  ("linNum" .
   [2 0 0 0 0 0])
  ("pat" .
   [1 0 0])
  ("continue" .
   [1 0 0 0 0 0 0 0])
  ("rune" .
   [2 0 0 0])
  ("_reveal" .
   [1 0 0 0 0 0 0])
  ("Reveal" .
   [2 0 0 0 0 0])
  ("false" .
   [3 0 0 0 0])
  ("foundBombs" .
   [1 0 0 0 0 0 0 0 0 0])
  ("_" .
   [1])
  ("convered" .
   [1 0 0 0 0 0 0 0])
  ("const" .
   [1 0 0 0 0])
  ("covered" .
   [1 0 0 0 0 2 0])
  ("reveal" .
   [5 0 0 1 0 0])
  ("bombCount" .
   [6 0 0 0 0 0 0 0 0])
  ("bomb" .
   [3 0 0 0])
  ("j" .
   [6])
  ("i" .
   [7])
  ("range" .
   [2 0 0 0 0])
  ("for" .
   [3 0 0])
  ("Error" .
   [1 0 0 0 0])
  ("Grid" .
   [7 0 0 0])
  ("Setup" .
   [1 0 0 0 0])
  ("Errorf" .
   [3 0 0 0 0 0])
  ("nil" .
   [2 0 0])
  ("Board" .
   [3 0 0 0 0])
  ("b" .
   [2])
  ("T" .
   [1])
  ("import" .
   [1 0 0 0 0 0])
  ("board" .
   [3 0 0 0 0])
  ("package" .
   [1 0 0 0 0 0 0])
  ("ok" .
   [2 0])
  ("map" .
   [1 0 0])
  ("cache" .
   [2 0 0 0 0])
  ("fibby" .
   [1 0 0 0 0])
  ("accumulator" .
   [0 0 0 0 0 0 0 0 0 0 2])
  ("if" .
   [6 0])
  ("int" .
   [8 0 0])
  ("sum" .
   [1 0 0])
  ("h" .
   [1])
  ("var" .
   [3 0 0])
  ("Println" .
   [3 0 0 0 0 0 0])
  ("val" .
   [10 0 0])
  ("evn_fib" .
   [1 0 0 0 0 0 0])
  ("return" .
   [13 0 0 0 0 0])
  ("cap" .
   [9 0 0])
  ("even_fib" .
   [1 0 0 0 0 0 0 0])
  ("func" .
   [7 0 0 0])
  ("main" .
   [1 0 0 0])
  ("go-autocomplete" .
   [0 0 0 0 0 0 0 0 0 0 0 0 0 0 1])
  ("require" .
   [1 0 0 0 0 0 0])
  ("NULL" .
   [3 0 0 0])
  ("currenChar" .
   [0 0 0 0 0 1 0 0 0 0])
  ("Token" .
   [1 0 0 0 0])
  ("skipWhitePace" .
   [0 0 0 0 1 0 0 0 0 0 0 0 0])
  ("Lexter" .
   [1 0 0 0 0 0])
  ("Lexer" .
   [2 0 0 0 0])
  ("l" .
   [1])
  ("currentChar" .
   [3 0 0 0 1 0 0 0 0 0 0])
  ("text" .
   [2 0 0 0])
  ("row" .
   [15 0 0])
  ("col" .
   [14 0 0])
  ("bool" .
   [2 0 0 0])
  ("Height" .
   [0 0 0 0 0 1])
  ("Width" .
   [1 0 0 0 0])
  ("true" .
   [4 0 0 0])
  ("Printf" .
   [6 0 0 0 0 0])
  ("c" .
   [1])
  ("Cell" .
   [3 0 0 0])
  ("game" .
   [2 0 0 0])
  ("MultiReveal" .
   [2 0 0 0 0 0 0 0 0 0 0])
  ("CountBombs" .
   [1 0 0 0 0 0 0 0 0 0])
  ("cell" .
   [10 0 0 0])
  ("cells" .
   [4 0 0 0 0])
  ("grid" .
   [1 0 0 0])
  ("revealed" .
   [2 0 0 0 0 0 0 0])
  ("else" .
   [1 0 0 0])
  ("append" .
   [1 0 0 0 0 0])))
